e90438a8a133073f580199fc63e29e623b9ac64c8a12cda45400c71d340dca91,50203,60123,5.0.1,0,virtual,54835,39631
777cd1491daac5f469535abedbd8e5fc9895aa06725caf9bb679c4cdde96447f,38541,41245,5.1.1,0,virtual,35701,57133
c13b106161cef45024cc4c529c5834c8ee2a390796183760f50b6e78b79dabae,57003,51571,5.1.1,1,virtual,44135,48841
642e9f8af57676613e57bb2da95563cffbc8d24c4a4868009e6478eb611ea4e5,33051,38547,6.0,0,virtual,57663,58709
e5dc86b7d3dadeb9bbd79d3a10dd9a9f30242972552db2788f14287db2056e80,40273,55537,6.0,1,virtual,44773,42699
3b9e6530a5d9f19efea53350a6e8f1056c0d3491c23702c5d8af97ba628df2da,60531,60181,6.0,2,virtual,35779,59651
52f24a5834301106a0041b749d0d7477eb37e7292ef5f6b951300aee4b6ed44c,57137,58417,7.0,0,virtual,48929,60403
e793848f947899da2ec57ed0aea2fd3474e84c699ebea3117e5b9f7479f65664,59479,37691,7.0,1,virtual,53517,55305
826b69c767ebc1b8c0e979470471af47e52c70478d08dc586e6267b95bea9e30,34319,56793,7.0,2,virtual,52391,52261
a04b7f872d6b0c26fd563339535306c9d5631546bd388bfc28bf0cdb70c02e19,53621,50869,7.1.1,0,virtual,54021,38175
fff673f8663c191afaaf94852b1ff052ce5f4fddb15a814df8ee0a45dc2d6a25,48581,35465,7.1.1,1,virtual,60857,40017
0ef4a5340be71a625f48ee284aecc58922b50e0c53db8661ea03a883acac05e0,45081,41137,7.1.1,2,virtual,57763,54413
814a20bd9edc24bc676642e105845cdd3feef4da8e2ef6717010c09065494af1,37911,49391,8.0,0,virtual,38555,59157
1029e761a31c824cad57bb68af0f8700aaf2f44848970ce27e84348afd9503ad,48543,41037,8.0,1,virtual,41157,50751
805a2026ba8f3bf06128c36433e261ecee8139f58cea573ce24f7e33f0a8444d,45933,37631,8.0,2,virtual,52793,54023
8695be00c1ef8a00d5dbf02b30b40c9f64c759f5459e9cd239e888fba99d8c8d,35625,42349,8.1,0,virtual,44191,56999
f9596e5a61e0541727b3c690360a9f7d3a5dfe3acd389a356303c8f22eb95735,43069,39065,8.1,1,virtual,43507,41171
4f451bf71e99f0991b0a3369422b9ad0c2db15d27e29a5a0481da72404558c33,57565,32893,8.1,2,virtual,52417,41525
6509edd1ebfe4314366f4bcd59e86e9ff3b625414810c224d4d5bdd6a4cc144d,48717,56495,9.0,0,virtual,54267,34739
b6720f2c654532dc13ced292560d529649ec0c3bbc9c891cbd1dfdefaeb70a1d,56619,55041,9.0,1,virtual,56201,38827
4768cd7cad68cb2aac0f5d86e088ae5bba675805f3aed50b7470d16ad04d4f53,60035,43439,9.0,2,virtual,60541,44065
3007a3ad4f46e614edb33065e96baf216fe43aa9c6b90ea0a2500243d99f1a10,33535,57283,10.0,0,virtual,43415,53923
d40dd66105a38cb04e9a96814ac1503c9a59cd78ee45141ef7ec950c8ee11bda,56107,60103,10.0,1,virtual,50607,37241
0eba0d36c55a5c6a5de73ca0638d41671c763d99dee36a5f46a63d103a4d9749,45813,49291,10.0,2,virtual,48763,53885
